<[file][][]
    <[modelmanager][][]
        <[pointer_list_tmcontrol][ControlObjects][]
////////////////////////////////MainPanel///////////////////////////////////		
    //MainPanelPilot
            <[control_cylinder][PressureSettingPilot][0]
                <[string8][Type][knob]>
                <[vector3_float64][R0][ 2.5026 -0.5612 0.8141 ]>
                <[matrix3_float64][B0][ 0.0000 -1.0000 -0.0000 -0.2149 0.0000 -0.9766 0.9766 0.0000 -0.2149 ]>
                <[vector3_float64][Direction][ 0.0000 -1.0000 -0.0000 ]>
                <[float64][StepAngle][0.1]>
                <[control_message][OnRotate][]
                    <[string8][Message][PressureSettingPilot]>
                    <[string8][Qualifiers][step]>
                    <[float64][Value][1.0]>
                >
                <[float64][Radius][0.007]>
                <[float64][Length][0.021]>
            >
			<[control_cylinder][ADISetupPilot][11]
                <[string8][Type][knob]>
                <[vector3_float64][R0][ 2.5056 -0.4300 0.8144  ]>
                <[matrix3_float64][B0][ 0.0000 -1.0000 -0.0000 -0.2149 0.0000 -0.9766 0.9766 0.0000 -0.2149 ]>
                <[vector3_float64][Direction][ -0.0000 -1.0000 -0.0000 ]>
                <[float64][StepAngle][0.1]>
                <[control_message][OnRotate][]
                    <[string8][Message][ADIAircraftPositionSetup]>
                    <[string8][Qualifiers][step]>
                    <[float64][Value][1.0]>
                >
                <[float64][Radius][0.008]>
                <[float64][Length][0.022]>
            >
			<[control_cylinder][StbyADISetupPilot][2]
                <[string8][Type][knob]>
                <[vector3_float64][R0][ 2.4715 -0.3873 0.6330]>
                <[matrix3_float64][B0][ 0.0000 -1.0000 -0.0000 -0.2149 0.0000 -0.9766 0.9766 0.0000 -0.2149 ]>
                <[vector3_float64][Direction][ 0.0000 -1.0000 -0.0000 ]>
                <[float64][StepAngle][0.1]>
                <[control_message][OnRotate][]
                    <[string8][Message][StbyADIAircraftPositionSetup]>
                    <[string8][Qualifiers][step]>
                    <[float64][Value][1.0]>
                >
                <[float64][Radius][0.008]>
                <[float64][Length][0.022]>
            >
			<[control_cylinder][LightsWarningPilot][3]
                <[string8][Type][button]>
                <[vector3_float64][R0][ 2.5668 -0.5984 0.8889]>
                <[matrix3_float64][B0][ 0.0000 -1.0000 -0.0000 -0.2149 0.0000 -0.9766 0.9766 0.0000 -0.2149 ]>
                <[vector3_float64][Direction][ 0.0000 -1.0000 -0.0000 ]>
                <[float64][StepDistance][0.01]>
                <[control_message][OnPush][]
                    <[string8][Message][Controls.AnnunciatorTest]>
                    <[string8][Qualifiers][step]>
                    <[float64][Value][1.0]>
                >
                <[float64][Radius][0.004]>
                <[float64][Length][0.013]>
            >
			 <[control_box][PilotMasterWarningAmberButton][4]
                <[string8][Type][button]>
                <[vector3_float64][R0][ 2.5747 -0.4804 0.9249 ]>
                <[matrix3_float64][B0][ 0.0000 -1.0000 -0.0000 -0.2149 0.0000 -0.9766 0.9766 0.0000 -0.2149 ]>
                <[vector3_float64][Direction][ 0.0000 -1.0000 -0.0000 ]>
                <[control_message][OnPush][]
                    <[string8][Message][Warnings.MasterWarningPilotAmber]>
                    <[string8][Qualifiers][event]>
                    <[float64][Value][1.0]>
                >
                <[float64][Dimensions][0.03 0.03 0.03]>
            >
            <[control_box][PilotMasterWarningRedButton][5]
                <[string8][Type][button]>
                <[vector3_float64][R0][ 2.5698 -0.3875 0.9029 ]>
                <[matrix3_float64][B0][ 0.0000 -1.0000 -0.0000 -0.2149 0.0000 -0.9766 0.9766 0.0000 -0.2149  ]>
                <[vector3_float64][Direction][ 0.0000 -1.0000 -0.0000 ]>
                <[control_message][OnPush][]
                    <[string8][Message][Warnings.MasterWarningPilotRed]>
                    <[string8][Qualifiers][event]>
                  <[float64][Value][1.0]>
               >
                <[vector3_float64][Dimensions][0.03 0.03 0.03]>
            >
			<[control_cylinder][ClockOuterRing][6]
                <[string8][Type][knob]>
                <[vector3_float64][R0][ 2.4848 -0.3194 0.9969]>
                <[matrix3_float64][B0][ 0.0000 -1.0000 -0.0000 -0.2149 0.0000 -0.9766 0.9766 0.0000 -0.2149 ]>
                <[vector3_float64][Direction][ 0.0000 -1.0000 -0.0000 ]>
                <[float64][StepAngle][0.1]>
                <[control_message][OnRotate][]
                    <[string8][Message][ClockOuterRing]>
                    <[string8][Qualifiers][step]>
                    <[float64][Value][1.0]>
                >
                <[float64][Radius][0.008]>
                <[float64][Length][0.022]>
            >
            <[control_cylinder][ClockReset][7]
                <[string8][Type][button]>
                <[vector3_float64][R0][ 2.4721 -0.3568 0.9435]>
                <[matrix3_float64][B0][ 0.0000 -1.0000 -0.0000 -0.2149 0.0000 -0.9766 0.9766 0.0000 -0.2149 ]>
                <[vector3_float64][Direction][ 0.0000 -1.0000 -0.0000  ]>
                <[control_message][OnPush][]
                    <[string8][Message][Stopwatch.Reset]>
                    <[string8][Qualifiers][event]>
                    <[float64][Value][1.0]>
                >
                <[float64][Radius][0.004]>
                <[float64][Length][0.008]>
            >
			<[control_box][ButtonTorqueTestPilot][8]
                <[string8][Type][button]>
                <[vector3_float64][R0][ 2.4932 -0.3933 0.7329]>
                <[matrix3_float64][B0][ 0.0000 -1.0000 -0.0000 -0.2149 0.0000 -0.9766 0.9766 0.0000 -0.2149  ]>
                <[vector3_float64][Direction][ 0.0000 -1.0000 -0.0000 ]>
                <[control_message][OnPush][]
                    <[string8][Message][TorqueTestPilot]>
                    <[string8][Qualifiers][event]>
                  <[float64][Value][1.0]>
               >
                <[vector3_float64][Dimensions][0.03 0.013 0.014]>
            >
			<[control_box][ButtonRadAltTestPilot][9]
                <[string8][Type][button]>
                <[vector3_float64][R0][ 2.4907 -0.5614 0.7146]>
                <[matrix3_float64][B0][ 0.0000 -1.0000 -0.0000 0.2149 0.0000 0.9766 -0.9766 0.0000 0.2149 ]>
                <[vector3_float64][Direction][ 0.0 1.0 0.0 ]>
                <[control_message][OnPush][]
                    <[string8][Message][RadAltTestPilot]>
                    <[string8][Qualifiers][event]>
                  <[float64][Value][1.0]>
               >
                <[vector3_float64][Dimensions][0.015 0.013 0.014]>
            >
			<[control_cylinder][KnobRadAltPilot][10]
                <[string8][Type][knob]>
                <[vector3_float64][R0][ 2.4900 -0.5614 0.7140]>
                <[matrix3_float64][B0][ 0.0000 -1.0000 -0.0000 -0.2149 0.0000 -0.9766 0.9766 0.0000 -0.2149  ]>
                <[vector3_float64][Direction][ 0.0000 -1.0000 -0.0000 ]>
                <[float64][StepAngle][0.1]>
                <[control_message][OnRotate][]
                    <[string8][Message][RadAlt.BugPilot]>
                    <[string8][Qualifiers][step]>
                    <[float64][Value][-1.0]>
                >
                <[float64][Radius][0.02]>
                <[float64][Length][0.022]>
            >
			<[control_cylinder][SelectedCoursePilot][10]
                <[string8][Type][knob]>
                <[vector3_float64][R0][ 2.5008 -0.4392 0.7658]>
                <[matrix3_float64][B0][ 0.0000 -1.0000 -0.0000 -0.2149 0.0000 -0.9766 0.9766 0.0000 -0.2149  ]>
                <[vector3_float64][Direction][ 0.0000 -1.0000 -0.0000  ]>
                <[float64][StepAngle][0.1]>
                <[control_message][OnRotate][]
                    <[string8][Message][Navigation.SelectedCourse]>
                    <[string8][Qualifiers][step]>
                    <[float64][Value][-1.0]>
                >
                <[float64][Radius][0.01]>
                <[float64][Length][0.022]>
            >
			<[control_box][MagTruePilot][11]
                <[string8][Type][switch toggle]>
                <[vector3_float64][R0][ 2.4968 -0.5352 0.7358 ]>
                <[matrix3_float64][B0][ 0.0000 -1.0000 -0.0000 -0.2149 0.0000 -0.9766 0.9766 0.0000 -0.2149 ]>
                <[vector3_float64][Direction][ -0.9766 -0.0000 0.2149 ]>
                <[float64][StepDistance][0.01]>
                <[control_message][OnStep][]
                    <[string8][Message][MagTruePilot]>
                    <[string8][Qualifiers][step]>
                    <[float64][Value][-1.0]>
                >
                <[vector3_float64][Dimensions][0.016 0.005 0.006]>
            >
            <[control_cylinder][MagTruePilotBase][11]
                <[string8][Type][switch toggle base]>
                <[vector3_float64][R0][ 2.4968 -0.5352 0.7358 ]>
                <[matrix3_float64][B0][ 0.0000 -1.0000 -0.0000 -0.2149 0.0000 -0.9766 0.9766 0.0000 -0.2149 ]>
                <[vector3_float64][Direction][ -0.9766 -0.0000 0.2149  ]>
                <[control_message][OnStep][]
                    <[string8][Message][MagTruePilot]>
                    <[string8][Qualifiers][step]>
                    <[float64][Value][-1.0]>
                >
                <[float64][Radius][0.007]>
                <[float64][Length][0.002]>
            >
			<[control_cylinder][AttitudeIndPilot][12]
                <[string8][Type][knob]>
                <[vector3_float64][R0][ 2.4949 -0.2543 0.8705]>
                <[matrix3_float64][B0][ 0.0000 -1.0000 -0.0000 -0.2149 0.0000 -0.9766 0.9766 0.0000 -0.2149  ]>
                <[vector3_float64][Direction][ 0.0000 -1.0000 -0.0000  ]>
                <[float64][StepAngle][0.1]>
                <[control_message][OnRotate][]
                    <[string8][Message][AttIndPilot]>
                    <[string8][Qualifiers][step]>
                    <[float64][Value][1.0]>
                >
                <[float64][Radius][0.01]>
                <[float64][Length][0.022]>
            >
    //MainPanelCoPilot	
	        <[control_box][CoPilotMasterWarningRedButton][5]
                <[string8][Type][button]>
                <[vector3_float64][R0][ 2.5745 0.5080 0.9242 ]>
                <[matrix3_float64][B0][ 0.0000 -1.0000 -0.0000 -0.2149 0.0000 -0.9766 0.9766 0.0000 -0.2149  ]>
                <[vector3_float64][Direction][ 0.0000 -1.0000 -0.0000 ]>
                <[control_message][OnPush][]
                    <[string8][Message][Warnings.MasterWarningCoRed]>
                    <[string8][Qualifiers][event]>
                  <[float64][Value][1.0]>
               >
                <[vector3_float64][Dimensions][0.03 0.013 0.014]>
            >
		    <[control_cylinder][PressureSettingCoPilot][13]
                <[string8][Type][knob]>
                <[vector3_float64][R0][ 2.5095 0.4265 0.8457 ]>
                <[matrix3_float64][B0][ 0.0000 -1.0000 -0.0000 -0.2149 0.0000 -0.9766 0.9766 0.0000 -0.2149 ]>
                <[vector3_float64][Direction][ 0.0000 -1.0000 -0.0000 ]>
                <[float64][StepAngle][0.1]>
                <[control_message][OnRotate][]
                    <[string8][Message][PressureSettingCoPilot]>
                    <[string8][Qualifiers][step]>
                    <[float64][Value][1.0]>
                >
                <[float64][Radius][0.007]>
                <[float64][Length][0.021]>
            >
			<[control_cylinder][ADISetupCo][14]
                <[string8][Type][knob]>
                <[vector3_float64][R0][ 2.5056 0.5584 0.8144 ]>
                <[matrix3_float64][B0][ 0.0000 -1.0000 -0.0000 -0.2149 0.0000 -0.9766 0.9766 0.0000 -0.2149]>
                <[vector3_float64][Direction][ 0.0000 -1.0000 -0.0000 ]>
                <[float64][StepAngle][0.1]>
                <[control_message][OnRotate][]
                    <[string8][Message][ADIAircraftPositionSetupCoPilot]>
                    <[string8][Qualifiers][step]>
                    <[float64][Value][1.0]>
                >
                <[float64][Radius][0.008]>
                <[float64][Length][0.022]>
            >
			<[control_box][ButtonTorqueTestCo][15]
                <[string8][Type][button]>
                <[vector3_float64][R0][ 2.4929 0.5967 0.7317]>
                <[matrix3_float64][B0][ 0.0000 -1.0000 -0.0000 -0.2149 0.0000 -0.9766 0.9766 0.0000 -0.2149  ]>
                <[vector3_float64][Direction][ 0.0000 -1.0000 -0.0000 ]>
                <[control_message][OnPush][]
                    <[string8][Message][TorqueTestCo]>
                    <[string8][Qualifiers][event]>
                  <[float64][Value][1.0]>
               >
                <[vector3_float64][Dimensions][0.03 0.013 0.014]>
            >
			<[control_box][ButtonRadAltTestCo][16]
                <[string8][Type][button]>
                <[vector3_float64][R0][2.4972 0.4270 0.7444 ]>
                <[matrix3_float64][B0][ 0.0000 -1.0000 -0.0000 -0.2149 0.0000 -0.9766 0.9766 0.0000 -0.2149  ]>
                <[vector3_float64][Direction][ 0.0000 -1.0000 -0.0000 ]>
                <[control_message][OnPush][]
                    <[string8][Message][RadAltTestCo]>
                    <[string8][Qualifiers][event]>
                  <[float64][Value][1.0]>
               >
                <[vector3_float64][Dimensions][0.015 0.013 0.014]>
            >
			<[control_cylinder][KnobRadAltCoPilot][161]
                <[string8][Type][knob]>
                <[vector3_float64][R0][2.4967 0.4270 0.7420]>
                <[matrix3_float64][B0][ 0.0000 -1.0000 -0.0000 -0.2149 0.0000 -0.9766 0.9766 0.0000 -0.2149  ]>
                <[vector3_float64][Direction][ 0.0000 -1.0000 -0.0000 ]>
                <[float64][StepAngle][0.1]>
                <[control_message][OnRotate][]
                    <[string8][Message][RadAlt.BugCo]>
                    <[string8][Qualifiers][step]>
                    <[float64][Value][-1.0]>
                >
                <[float64][Radius][0.01]>
                <[float64][Length][0.022]>
            >
			<[control_cylinder][SelectedCourseCo][17]
                <[string8][Type][knob]>
                <[vector3_float64][R0][ 2.5008 0.5494 0.7658 ]>
                <[matrix3_float64][B0][ 0.0000 -1.0000 -0.0000 -0.2149 0.0000 -0.9766 0.9766 0.0000 -0.2149  ]>
                <[vector3_float64][Direction][ 0.0000 -1.0000 -0.0000  ]>
                <[float64][StepAngle][0.1]>
                <[control_message][OnRotate][]
                    <[string8][Message][Navigation.SelectedCourse]>
                    <[string8][Qualifiers][step]>
                    <[float64][Value][-1.0]>
                >
                <[float64][Radius][0.01]>
                <[float64][Length][0.022]>
            >
			<[control_box][MagTrueCoPilot][18]
                <[string8][Type][switch toggle]>
                <[vector3_float64][R0][ 2.4968 0.4533 0.7358 ]>
                <[matrix3_float64][B0][ 0.0000 -1.0000 -0.0000 -0.2149 0.0000 -0.9766 0.9766 0.0000 -0.2149 ]>
                <[vector3_float64][Direction][ -0.9766 -0.0000 0.2149 ]>
                <[float64][StepDistance][0.01]>
                <[control_message][OnStep][]
                    <[string8][Message][MagTrueCoPilot]>
                    <[string8][Qualifiers][step]>
                    <[float64][Value][-1.0]>
                >
                <[vector3_float64][Dimensions][0.016 0.005 0.006]>
            >
            <[control_cylinder][MagTrueCoPilotBase][18]
                <[string8][Type][switch toggle base]>
                <[vector3_float64][R0][ 2.4968 0.4533 0.7358]>
                <[matrix3_float64][B0][ 0.0000 -1.0000 -0.0000 -0.2149 0.0000 -0.9766 0.9766 0.0000 -0.2149 ]>
                <[vector3_float64][Direction][ -0.9766 -0.0000 0.2149  ]>
                <[control_message][OnStep][]
                    <[string8][Message][MagTrueCoPilot]>
                    <[string8][Qualifiers][step]>
                    <[float64][Value][-1.0]>
                >
                <[float64][Radius][0.007]>
                <[float64][Length][0.002]>
            >
			<[control_cylinder][AttitudeIndCo][19]
                <[string8][Type][knob]>
                <[vector3_float64][R0][ 2.5083 0.7103 0.7718]>
                <[matrix3_float64][B0][ 0.0000 -1.0000 -0.0000 -0.2149 0.0000 -0.9766 0.9766 0.0000 -0.2149  ]>
                <[vector3_float64][Direction][ 0.0000 -1.0000 -0.0000  ]>
                <[float64][StepAngle][0.1]>
                <[control_message][OnRotate][]
                    <[string8][Message][AttIndCo]>
                    <[string8][Qualifiers][step]>
                    <[float64][Value][1.0]>
                >
                <[float64][Radius][0.01]>
                <[float64][Length][0.022]>
            >
	//CentreSection	
	        <[control_cylinder][ARMJettison][20]
                <[string8][Type][knob]>
                <[vector3_float64][R0][ 2.4968 -0.1814 0.8791]>
                <[matrix3_float64][B0][ -0.2123 -0.1551 -0.9648 0.0333 -0.9879 0.1515 -0.9766 0.0000 0.2149 ]>
                <[vector3_float64][Direction][ 0.0000 -1.0000 -0.0000  ]>
                <[float64][StepAngle][0.1]>
                <[control_message][OnRotate][]
                    <[string8][Message][ArmJettison]>
                    <[string8][Qualifiers][step]>
                    <[float64][Value][-1.0]>
                >
                <[float64][Radius][0.01]>
                <[float64][Length][0.022]>
            >
			<[control_cylinder][KnobMASS][21]
                <[string8][Type][knob]>
                <[vector3_float64][R0][ 2.4655 -0.1978 0.7794]>
                <[matrix3_float64][B0][ -0.1075 0.8660 -0.4883 -0.1861 -0.5000 -0.8458 0.9766 0.0000 -0.2149  ]>
                <[vector3_float64][Direction][ 0.0000 -1.0000 -0.0000  ]>
                <[float64][StepAngle][0.1]>
                <[control_message][OnRotate][]
                    <[string8][Message][MasterArm]>
                    <[string8][Qualifiers][step]>
                    <[float64][Value][-1.0]>
                >
                <[float64][Radius][0.01]>
                <[float64][Length][0.022]>
            >
			<[control_cylinder][FuelSelect][22]
                <[string8][Type][knob]>
                <[vector3_float64][R0][ 2.4758 0.0035 0.6160]>
                <[matrix3_float64][B0][ -0.2149 -0.0000 -0.9766 -0.0000 -1.0000 0.0000 -0.9766 0.0000 0.2149 ]>
                <[vector3_float64][Direction][ 0.0000 -1.0000 -0.0000 ]>
                <[float64][StepAngle][0.1]>
                <[control_message][OnRotate][]
                    <[string8][Message][Fuel.QuantityTankSelect]>
                    <[string8][Qualifiers][step]>
                    <[float64][Value][-1.0]>
                >
                <[float64][Radius][0.01]>
                <[float64][Length][0.022]>
            >
			<[control_box][RadarTestButton][23]
                <[string8][Type][button]>
                <[vector3_float64][R0][ 2.4829 -0.1337 0.8341 ]>
                <[matrix3_float64][B0][ 0.0000 -1.0000 -0.0000 -0.2149 0.0000 -0.9766 0.9766 0.0000 -0.2149  ]>
                <[vector3_float64][Direction][ 0.0000 -1.0000 -0.0000 ]>
                <[control_message][OnPush][]
                    <[string8][Message][RadarTest]>
                    <[string8][Qualifiers][event]>
                  <[float64][Value][1.0]>
               >
                <[vector3_float64][Dimensions][0.03 0.013 0.014]>
            >
			<[control_box][RadAltOn][24]
                <[string8][Type][switch toggle]>
                <[vector3_float64][R0][ 2.4756 0.0392 0.9724 ]>
                <[matrix3_float64][B0][ 0.0000 -1.0000 -0.0000 -0.0452 -0.0000 0.9990 -0.9990 0.0000 -0.0452 ]>
                <[vector3_float64][Direction][ -0.9990 0.0000 -0.0452 ]>
                <[float64][StepDistance][0.01]>
                <[control_message][OnStep][]
                    <[string8][Message][RadAltOn]>
                    <[string8][Qualifiers][step]>
                    <[float64][Value][1.0]>
                >
                <[vector3_float64][Dimensions][0.016 0.005 0.006]>
            >
            <[control_cylinder][RadAltOnBase][24]
                <[string8][Type][switch toggle base]>
                <[vector3_float64][R0][ 2.4756 0.0392 0.9724]>
                <[matrix3_float64][B0][ 0.0000 -1.0000 -0.0000 -0.0452 -0.0000 0.9990 -0.9990 0.0000 -0.0452 ]>
                <[vector3_float64][Direction][ -0.9990 0.0000 -0.0452 ]>
                <[control_message][OnStep][]
                    <[string8][Message][RadAltOn]>
                    <[string8][Qualifiers][step]>
                    <[float64][Value][1.0]>
                >
                <[float64][Radius][0.007]>
                <[float64][Length][0.002]>
            >
			<[control_box][AntiCollIRUpper][25]
                <[string8][Type][switch toggle]>
                <[vector3_float64][R0][ 2.4801 0.1239 0.9740]>
                <[matrix3_float64][B0][ 0.0000 -1.0000 -0.0000 0.2149 -0.0000 0.9766 -0.9766 -0.0000 0.2149 ]>
                <[vector3_float64][Direction][ -0.9766 -0.0000 0.2149 ]>
                <[float64][StepDistance][0.01]>
                <[control_message][OnStep][]
                    <[string8][Message][AntiCollIR]>
                    <[string8][Qualifiers][step]>
                    <[float64][Value][-1.0]>
                >
                <[vector3_float64][Dimensions][0.016 0.005 0.006]>
            >
            <[control_cylinder][AntiCollIRUpperBase][25]
                <[string8][Type][switch toggle base]>
                <[vector3_float64][R0][ 2.4801 0.1239 0.9740]>
                <[matrix3_float64][B0][ 0.0000 -1.0000 -0.0000 0.2149 -0.0000 0.9766 -0.9766 -0.0000 0.2149  ]>
                <[vector3_float64][Direction][ -0.9766 -0.0000 0.2149 ]>
                <[control_message][OnStep][]
                    <[string8][Message][AntiCollIR]>
                    <[string8][Qualifiers][step]>
                    <[float64][Value][-1.0]>
                >
                <[float64][Radius][0.007]>
                <[float64][Length][0.002]>
            >
			<[control_box][AntiCollIRLower][26]
                <[string8][Type][switch toggle]>
                <[vector3_float64][R0][ 2.4759 0.1235 0.9547]>
                <[matrix3_float64][B0][ 0.0000 -1.0000 -0.0000 0.2149 -0.0000 0.9766 -0.9766 -0.0000 0.2149 ]>
                <[vector3_float64][Direction][ -0.9766 -0.0000 0.2149 ]>
                <[float64][StepDistance][0.01]>
                <[control_message][OnStep][]
                    <[string8][Message][AntiCollIRLower]>
                    <[string8][Qualifiers][step]>
                    <[float64][Value][-1.0]>
                >
                <[vector3_float64][Dimensions][0.016 0.005 0.006]>
            >
            <[control_cylinder][AntiCollIRLowerBase][26]
                <[string8][Type][switch toggle base]>
                <[vector3_float64][R0][ 2.4759 0.1235 0.9547]>
                <[matrix3_float64][B0][ 0.0000 -1.0000 -0.0000 0.2149 -0.0000 0.9766 -0.9766 -0.0000 0.2149  ]>
                <[vector3_float64][Direction][ -0.9766 -0.0000 0.2149 ]>
                <[control_message][OnStep][]
                    <[string8][Message][AntiCollIRLower]>
                    <[string8][Qualifiers][step]>
                    <[float64][Value][-1.0]>
                >
                <[float64][Radius][0.007]>
                <[float64][Length][0.002]>
            >
			<[control_box][MRGBOverride][27]
                <[string8][Type][switch toggle]>
                <[vector3_float64][R0][ 2.4848 0.2304 0.6464]>
                <[matrix3_float64][B0][ 0.0000 -1.0000 -0.0000 -0.0452 -0.0000 0.9990 -0.9990 0.0000 -0.0452 ]>
                <[vector3_float64][Direction][ -0.9990 0.0000 -0.0452 ]>
                <[float64][StepDistance][0.01]>
                <[control_message][OnStep][]
                    <[string8][Message][MRGBOverride]>
                    <[string8][Qualifiers][step]>
                    <[float64][Value][1.0]>
                >
                <[vector3_float64][Dimensions][0.016 0.005 0.006]>
            >
            <[control_cylinder][MRGBOverrideBase][27]
                <[string8][Type][switch toggle base]>
                <[vector3_float64][R0][ 2.4848 0.2304 0.6464]>
                <[matrix3_float64][B0][ 0.0000 -1.0000 -0.0000 -0.0452 -0.0000 0.9990 -0.9990 0.0000 -0.0452 ]>
                <[vector3_float64][Direction][ -0.9990 0.0000 -0.0452 ]>
                <[control_message][OnStep][]
                    <[string8][Message][MRGBOverride]>
                    <[string8][Qualifiers][step]>
                    <[float64][Value][1.0]>
                >
                <[float64][Radius][0.007]>
                <[float64][Length][0.002]>
            >
///////////////////////////////InterSeatConsoleAft//////////////////////////////////////////
    //AFCS
			<[control_cylinder][PitchTrim][100]
                <[string8][Type][knob]>
                <[vector3_float64][R0][2.0956 -0.0306 0.3679]>
                <[matrix3_float64][B0][-0.9951 0.0000 -0.0984 -0.0984 0.0000 0.9951 0.0000 1.0000 -0.0000]>
                <[vector3_float64][Direction][ 0.0000 1.0000 -0.0000 ]>
                <[float64][StepAngle][0.2]>
                <[control_message][OnRotate][]
                    <[string8][Message][Controls.PitchTrim]>
                    <[string8][Qualifiers][step]>
                    <[float64][Value][1.0]>
                >
                <[float64][Radius][0.012]>
                <[float64][Length][0.015]>
            >
			<[control_cylinder][RollTrim][1001]
                <[string8][Type][knob]>
                <[vector3_float64][R0][2.1103 -0.0658 0.3693]>
                <[matrix3_float64][B0][0.0000 -1.0000 -0.0000 -0.0984 -0.0000 0.9951 -0.9951 0.0000 -0.0984 ]>
                <[vector3_float64][Direction][ -0.9951 0.0000 -0.0984 ]>
                <[float64][StepAngle][0.2]>
                <[control_message][OnRotate][]
                    <[string8][Message][Controls.RollTrim]>
                    <[string8][Qualifiers][step]>
                    <[float64][Value][1.0]>
                >
                <[float64][Radius][0.012]>
                <[float64][Length][0.015]>
            >
			<[control_cylinder][RudderTrim][101]
                <[string8][Type][knob]>
                <[vector3_float64][R0][2.1459 -0.0696 0.3845]>
                <[matrix3_float64][B0][ 0.0000 -1.0000 -0.0000  0.9951 0.0000 0.0984  -0.0984 -0.0000 0.9951 ]>
                <[vector3_float64][Direction][ -0.0984 -0.0000 0.9951 ]>
                <[float64][StepAngle][0.2]>
                <[control_message][OnRotate][]
                    <[string8][Message][Controls.RudderTrim]>
                    <[string8][Qualifiers][step]>
                    <[float64][Value][1.0]>
                >
                <[float64][Radius][0.012]>
                <[float64][Length][0.015]>
            >
			<[control_box][AFCSOn][102]
                <[string8][Type][switch toggle]>
                <[vector3_float64][R0][ 2.0574 -0.0432 0.3751]>
                <[matrix3_float64][B0][ 0.0000 -1.0000 -0.0000 0.9358 -0.0000 0.3527 -0.3527 -0.0000 0.9358 ]>
                <[vector3_float64][Direction][ -0.3527 -0.0000 0.9358 ]>
                <[float64][StepDistance][0.01]>
                <[control_message][OnStep][]
                    <[string8][Message][AFCSOn]>
                    <[string8][Qualifiers][step]>
                    <[float64][Value][-1.0]>
                >
                <[vector3_float64][Dimensions][0.016 0.005 0.006]>
            >
            <[control_cylinder][AFCSOnBase][102]
                <[string8][Type][switch toggle base]>
                <[vector3_float64][R0][ 2.0574 -0.0432 0.3751]>
                <[matrix3_float64][B0][ 0.0000 -1.0000 -0.0000 0.9358 -0.0000 0.3527 -0.3527 -0.0000 0.9358 ]>
                <[vector3_float64][Direction][ -0.3527 -0.0000 0.9358 ]>
                <[control_message][OnStep][]
                    <[string8][Message][AFCSOn]>
                    <[string8][Qualifiers][step]>
                    <[float64][Value][-1.0]>
                >
                <[float64][Radius][0.007]>
                <[float64][Length][0.002]>
            >
			<[control_cylinder][AFCSDimmer][103]
                <[string8][Type][knob]>
                <[vector3_float64][R0][2.0582 -0.0703 0.3759]>
                <[matrix3_float64][B0][ 0.9951 -0.0000 0.0984  0.0000 1.0000 0.0000  -0.0984 0.0000 0.9951 ]>
                <[vector3_float64][Direction][ -0.0984 -0.0000 0.9951 ]>
                <[float64][StepAngle][0.2]>
                <[control_message][OnRotate][]
                    <[string8][Message][Controls.Lighting.AFCSDimmer]>
                    <[string8][Qualifiers][step]>
                    <[float64][Value][1.0]>
                >
                <[float64][Radius][0.012]>
                <[float64][Length][0.015]>
            >
			<[control_cylinder][AFCSButtonPitch1][104]
                <[string8][Type][button]>
                <[vector3_float64][R0][ 2.1578 0.0253 0.3812]>
                <[matrix3_float64][B0][ 0.0000 -1.0000 -0.0000 0.9951 0.0000 0.0984 -0.0984 -0.0000 0.9951 ]>
                <[vector3_float64][Direction][ -0.0984 -0.0000 0.9951 ]>
                <[float64][StepDistance][0.01]>
                <[control_message][OnPush][]
                    <[string8][Message][AFCS.Pitch1]>
                    <[string8][Qualifiers][toggle]>
                    <[float64][Value][1.0]>
                >
                <[float64][Radius][0.004]>
                <[float64][Length][0.013]>
            >
			<[control_cylinder][AFCSButtonPitch2][1041]
                <[string8][Type][button]>
                <[vector3_float64][R0][ 2.1350 0.0253 0.3811]>
                <[matrix3_float64][B0][ 0.0000 -1.0000 -0.0000 0.9951 0.0000 0.0984 -0.0984 -0.0000 0.9951 ]>
                <[vector3_float64][Direction][ -0.0984 -0.0000 0.9951 ]>
                <[float64][StepDistance][0.01]>
                <[control_message][OnPush][]
                    <[string8][Message][AFCS.Pitch2]>
                    <[string8][Qualifiers][toggle]>
                    <[float64][Value][1.0]>
                >
                <[float64][Radius][0.004]>
                <[float64][Length][0.013]>
            >
			<[control_cylinder][AFCSButtonRoll1][105]
                <[string8][Type][button]>
                <[vector3_float64][R0][ 2.1578 0.0021 0.3812]>
                <[matrix3_float64][B0][ 0.0000 -1.0000 -0.0000 0.9951 0.0000 0.0984 -0.0984 -0.0000 0.9951 ]>
                <[vector3_float64][Direction][ -0.0984 -0.0000 0.9951 ]>
                <[float64][StepDistance][0.01]>
                <[control_message][OnPush][]
                    <[string8][Message][AFCS.Roll1]>
                    <[string8][Qualifiers][toggle]>
                    <[float64][Value][1.0]>
                >
                <[float64][Radius][0.004]>
                <[float64][Length][0.013]>
            >
			<[control_cylinder][AFCSButtonRoll2][106]
                <[string8][Type][button]>
                <[vector3_float64][R0][ 2.1350 0.0021 0.3789]>
                <[matrix3_float64][B0][ 0.0000 -1.0000 -0.0000 0.9951 0.0000 0.0984 -0.0984 -0.0000 0.9951 ]>
                <[vector3_float64][Direction][ -0.0984 -0.0000 0.9951 ]>
                <[float64][StepDistance][0.01]>
                <[control_message][OnPush][]
                    <[string8][Message][AFCS.Roll2]>
                    <[string8][Qualifiers][toggle]>
                    <[float64][Value][1.0]>
                >
                <[float64][Radius][0.004]>
                <[float64][Length][0.013]>
            >
			<[control_cylinder][AFCSButtonYaw1][107]
                <[string8][Type][button]>
                <[vector3_float64][R0][ 2.1578 -0.0213 0.3812]>
                <[matrix3_float64][B0][ 0.0000 -1.0000 -0.0000 0.9951 0.0000 0.0984 -0.0984 -0.0000 0.9951 ]>
                <[vector3_float64][Direction][ -0.0984 -0.0000 0.9951 ]>
                <[float64][StepDistance][0.01]>
                <[control_message][OnPush][]
                    <[string8][Message][AFCS.Yaw1]>
                    <[string8][Qualifiers][toggle]>
                    <[float64][Value][1.0]>
                >
                <[float64][Radius][0.004]>
                <[float64][Length][0.013]>
            >
			<[control_cylinder][AFCSButtonYaw2][108]
                <[string8][Type][button]>
                <[vector3_float64][R0][ 2.1350 -0.0213 0.3789]>
                <[matrix3_float64][B0][ 0.0000 -1.0000 -0.0000 0.9951 0.0000 0.0984 -0.0984 -0.0000 0.9951 ]>
                <[vector3_float64][Direction][ -0.0984 -0.0000 0.9951 ]>
                <[float64][StepDistance][0.01]>
                <[control_message][OnPush][]
                    <[string8][Message][AFCS.Yaw2]>
                    <[string8][Qualifiers][toggle]>
                    <[float64][Value][1.0]>
                >
                <[float64][Radius][0.004]>
                <[float64][Length][0.013]>
            >
			<[control_cylinder][AFCSButtonColl1][109]
                <[string8][Type][button]>
                <[vector3_float64][R0][ 2.1578 -0.0447 0.3812]>
                <[matrix3_float64][B0][ 0.0000 -1.0000 -0.0000 0.9951 0.0000 0.0984 -0.0984 -0.0000 0.9951 ]>
                <[vector3_float64][Direction][ -0.0984 -0.0000 0.9951 ]>
                <[float64][StepDistance][0.01]>
                <[control_message][OnPush][]
                    <[string8][Message][AFCS.Coll1]>
                    <[string8][Qualifiers][toggle]>
                    <[float64][Value][1.0]>
                >
                <[float64][Radius][0.004]>
                <[float64][Length][0.013]>
            >
			<[control_cylinder][AFCSButtonColl2][110]
                <[string8][Type][button]>
                <[vector3_float64][R0][ 2.1350 -0.0447 0.3789]>
                <[matrix3_float64][B0][ 0.0000 -1.0000 -0.0000 0.9951 0.0000 0.0984 -0.0984 -0.0000 0.9951 ]>
                <[vector3_float64][Direction][ -0.0984 -0.0000 0.9951 ]>
                <[float64][StepDistance][0.01]>
                <[control_message][OnPush][]
                    <[string8][Message][AFCS.Coll2]>
                    <[string8][Qualifiers][toggle]>
                    <[float64][Value][1.0]>
                >
                <[float64][Radius][0.004]>
                <[float64][Length][0.013]>
            >
			<[control_cylinder][AFCSButtonASE][111]
                <[string8][Type][button]>
                <[vector3_float64][R0][ 2.1037 0.0253 0.3758]>
                <[matrix3_float64][B0][ 0.0000 -1.0000 -0.0000 0.9951 0.0000 0.0984 -0.0984 -0.0000 0.9951 ]>
                <[vector3_float64][Direction][ -0.0984 -0.0000 0.9951 ]>
                <[float64][StepDistance][0.01]>
                <[control_message][OnPush][]
                    <[string8][Message][Autopilot.Master]>
                    <[string8][Qualifiers][toggle]>
                    <[float64][Value][1.0]>
                >
                <[float64][Radius][0.004]>
                <[float64][Length][0.013]>
            >
			<[control_cylinder][AFCSButtonBarAlt][112]
                <[string8][Type][button]>
                <[vector3_float64][R0][ 2.0564 0.0176 0.3711]>
                <[matrix3_float64][B0][ 0.0000 -1.0000 -0.0000 0.9951 0.0000 0.0984 -0.0984 -0.0000 0.9951 ]>
                <[vector3_float64][Direction][ -0.0984 -0.0000 0.9951 ]>
                <[float64][StepDistance][0.01]>
                <[control_message][OnPush][]
                    <[string8][Message][Controls.Lighting.Taxi]>
                    <[string8][Qualifiers][toggle event>
                    <[float64][Value][1.0]>
                >
                <[float64][Radius][0.004]>
                <[float64][Length][0.013]>
            >
	//PilotFMPanel
	        <[control_cylinder][PilotFM2Volume][113]
                <[string8][Type][knob]>
                <[vector3_float64][R0][ 2.0209 0.0234 0.3723 ]>
                <[matrix3_float64][B0][ 0.9951 -0.0000 0.0984 0.0000 1.0000 0.0000 -0.0984 0.0000 0.9951 ]>
                <[vector3_float64][Direction][ -0.0984 0.0000 0.9951]>
                <[float64][StepAngle][0.1]>
                <[control_message][OnRotate][]
                    <[string8][Message][PilotFM2Volume]>
                    <[string8][Qualifiers][step]>
                    <[float64][Value][1.0]>
                >
                <[float64][Radius][0.008]>
                <[float64][Length][0.022]>
            >
			<[control_cylinder][PilotFM3Volume][113]
                <[string8][Type][knob]>
                <[vector3_float64][R0][ 2.0209 -0.0024 0.3723 ]>
                <[matrix3_float64][B0][ 0.9951 -0.0000 0.0984 0.0000 1.0000 0.0000 -0.0984 0.0000 0.9951 ]>
                <[vector3_float64][Direction][ -0.0984 0.0000 0.9951]>
                <[float64][StepAngle][0.1]>
                <[control_message][OnRotate][]
                    <[string8][Message][PilotFM3Volume]>
                    <[string8][Qualifiers][step]>
                    <[float64][Value][1.0]>
                >
                <[float64][Radius][0.008]>
                <[float64][Length][0.022]>
            >
			<[control_cylinder][PilotTacICVolume][114]
                <[string8][Type][knob]>
                <[vector3_float64][R0][ 2.0209 -0.0496 0.3723 ]>
                <[matrix3_float64][B0][ 0.9951 -0.0000 0.0984 0.0000 1.0000 0.0000 -0.0984 0.0000 0.9951 ]>
                <[vector3_float64][Direction][ -0.0984 0.0000 0.9951]>
                <[float64][StepAngle][0.1]>
                <[control_message][OnRotate][]
                    <[string8][Message][PilotTacICVolume]>
                    <[string8][Qualifiers][step]>
                    <[float64][Value][1.0]>
                >
                <[float64][Radius][0.008]>
                <[float64][Length][0.022]>
            >	
	//UHF
	        <[control_cylinder][ADF1FrequencyKnobSmall][115]
                <[string8][Type][knob]>
                <[vector3_float64][R0][ 1.9828 -0.0724 0.3684 ]>
                <[matrix3_float64][B0][ -0.5641 -0.8238 -0.0558 0.8198 -0.5669 0.0811 -0.0984 -0.0000 0.9951 ]>
                <[vector3_float64][Direction][ -0.0984 -0.0000 0.9951]>
                <[float64][StepAngle][0.3]>
                <[control_message][OnRotate][]
//                    <[string8][Message][Communication.UHF1Frequency]>
					<[string8][Message][Navigation.ADF1Frequency]>
                    <[string8][Qualifiers][step]>
                    <[float64][Value][1.0]>
                >
                <[float64][Radius][0.012]>
                <[float64][Length][0.016]>
            >
			
            <[control_cylinder][ADF1FrequencyKnobLarge][116]
                <[string8][Type][knob]>
                <[vector3_float64][R0][ 1.9828 0.0205 0.3684 ]>
                <[matrix3_float64][B0][ 0.0000 1.0000 0.0000 -0.9951 0.0000 -0.0984 -0.0984 -0.0000 0.9951 ]>
                <[vector3_float64][Direction][ -0.0984 -0.0000 0.9951 ]>
                <[float64][StepAngle][0.3]>
                <[control_message][OnRotate][]
//                    <[string8][Message][Communication.UHF1Frequency]>
					<[string8][Message][Navigation.ADF1Frequency]>
                    <[string8][Qualifiers][step]>
                    <[float64][Value][100.0]>
                >
                <[float64][Radius][0.012]>
                <[float64][Length][0.016]>
            >
