<[file][][]
    <[modelmanager][][]
        <[pointer_list_tmcontrol][ControlObjects][]

//Instruments

            <[control_cylinder][PressureSettingPilot][0]
                <[string8][Type][knob]>
                <[vector3_float64][R0][ 6.045772 0.1501 0.315674 ]>
                <[matrix3_float64][B0][ 0.9655 0.0 -0.26039  0.0 1.0 0.0  0.26039 0.0 0.9655 ]>
                <[vector3_float64][Direction][ 0.9655 0.0 -0.26039 ]>
                <[float64][StepAngle][0.1]>
                <[control_message][OnRotate][]
                    <[string8][Message][PressureSettingPilot]>
                    <[string8][Qualifiers][step]>
                    <[float64][Value][1.0]>
                >
                <[float64][Radius][0.007]>
                <[float64][Length][0.021]>
            >
            <[control_cylinder][ADISetupFront][1]
                <[string8][Type][knob]>
                <[vector3_float64][R0][ 6.069478 -0.1477 0.412392 ]>
                <[matrix3_float64][B0][ 0.9655 0.0 -0.26039  0.0 1.0 0.0  0.26039 0.0 0.9655 ]>
                <[vector3_float64][Direction][ 0.9655 0.0 -0.26039 ]>
                <[float64][StepAngle][0.1]>
                <[control_message][OnRotate][]
                    <[string8][Message][ADIAircraftPositionSetup]>
                    <[string8][Qualifiers][step]>
                    <[float64][Value][1.0]>
                >
                <[float64][Radius][0.008]>
                <[float64][Length][0.022]>
            >
             <[control_cylinder][AccelerationReset][2]
                <[string8][Type][button]>
                <[vector3_float64][R0][ 6.072299 0.2238 0.397527 ]>
                <[matrix3_float64][B0][ 0.96595 0.0 -0.25874  0.0 1.0 0.0  0.25874 0.0 0.96595 ]>
                <[vector3_float64][Direction][ 0.9655 0.0 -0.26039 ]>
                <[control_message][OnPush][]
                    <[string8][Message][Accelerometer.Reset]>
                    <[string8][Qualifiers][event]>
                    <[float64][Value][1.0]>
                >
                <[float64][Radius][0.006]>
                <[float64][Length][0.012]>
            >
            <[control_cylinder][RadarAltitudeBug][3]
                <[string8][Type][knob]>
                <[vector3_float64][R0][ 6.051812 0.2194 0.322867 ]>
                <[matrix3_float64][B0][ 0.9655 0.0 -0.26039  0.0 1.0 0.0  0.26039 0.0 0.9655 ]>
                <[vector3_float64][Direction][ 0.9655 0.0 -0.26039 ]>
                <[float64][StepAngle][0.1]>
                <[control_message][OnRotate][]
                    <[string8][Message][RadarAltitudeBug]>
                    <[string8][Qualifiers][step]>
                    <[float64][Value][-1.0]>
                >
                <[float64][Radius][0.007]>
                <[float64][Length][0.021]>
            >
            <[control_cylinder][MachBug][4]
                <[string8][Type][knob]>
                <[vector3_float64][R0][ 6.068711 0.084 0.408777 ]>
                <[matrix3_float64][B0][ 0.9655 0.0 -0.26039  0.0 1.0 0.0  0.26039 0.0 0.9655 ]>
                <[vector3_float64][Direction][ 0.9655 0.0 -0.26039 ]>
                <[float64][StepAngle][0.1]>
                <[control_message][OnRotate][]
                    <[string8][Message][MachBug]>
                    <[string8][Qualifiers][step]>
                    <[float64][Value][1.0]>
                >
                <[float64][Radius][0.007]>
                <[float64][Length][0.022]>
            >
            <[control_cylinder][LightsWarning][5]
                <[string8][Type][button]>
                <[vector3_float64][R0][ 6.029821 -0.3223 0.11924 ]>
                <[matrix3_float64][B0][ 0.94267 0.00006 -0.33373  0.33373 -0.00001 0.94267  0.00006 -1.0 -0.00003 ]>
                <[vector3_float64][Direction][ -1.0 0.0 0.0 ]>
                <[float64][StepDistance][0.01]>
                <[control_message][OnPush][]
                    <[string8][Message][Controls.AnnunciatorTest]>
                    <[string8][Qualifiers][step]>
                    <[float64][Value][1.0]>
                >
                <[float64][Radius][0.004]>
                <[float64][Length][0.013]>
            >
            <[control_box][Tailhook][6]
                <[string8][Type][switch toggle]>
                <[vector3_float64][R0][ 5.972313 0.343652 0.356171 ]>
                <[matrix3_float64][B0][ -0.9953 0.04459 0.08594  0.08607 0.00106 0.99629  0.04433 0.999 -0.00489 ]>
                <[vector3_float64][Direction][ 0.0 0.0 1.0 ]>
                <[float64][StepDistance][0.01]>
                <[control_message][OnStep][]
                    <[string8][Message][TailHook]>
                    <[string8][Qualifiers][step]>
                    <[float64][Value][-1.0]>
                >
                <[vector3_float64][Dimensions][0.016 0.005 0.006]>
            >
            <[control_cylinder][TailHookBase][6]
                <[string8][Type][switch toggle base]>
                <[vector3_float64][R0][ 5.9824 0.3432 0.3553 ]>
                <[matrix3_float64][B0][ -0.99531 0.0452 0.08547  0.08551 -0.00104 0.99634  0.04513 0.99898 -0.00283 ]>
                <[vector3_float64][Direction][ 0.0 0.0 1.0 ]>
                <[control_message][OnStep][]
                    <[string8][Message][TailHook]>
                    <[string8][Qualifiers][step]>
                    <[float64][Value][-1.0]>
                >
                <[float64][Radius][0.007]>
                <[float64][Length][0.002]>
            >
            <[control_box][Storm][7]
                <[string8][Type][switch toggle]>
                <[vector3_float64][R0][ 6.065679 -0.328133 0.247072 ]>
                <[matrix3_float64][B0][ 0.94262 -0.00004 -0.33385  0.33385 0.00002 0.94262  -0.00004 -1.0 0.00003 ]>
                <[vector3_float64][Direction][ 0.26039 0.0 0.9655 ]>
                <[float64][StepDistance][0.01]>
                <[control_message][OnStep][]
                    <[string8][Message][Storm]>
                    <[string8][Qualifiers][step]>
                    <[float64][Value][1.0]>
                >
                <[vector3_float64][Dimensions][0.016 0.005 0.006]>
            >
            <[control_box][FireTestButton1][12]
                <[string8][Type][button]>
                <[vector3_float64][R0][ 6.097465 0.181 0.459626 ]>
                <[matrix3_float64][B0][ 0.0 -1.0 0.0  0.2588 0.0 0.9659  -0.9659 0.0 0.2588 ]>
                <[vector3_float64][Direction][ 0.9655 0.0 -0.26039 ]>
                <[control_message][OnPush][]
                    <[string8][Message][FireTest1]>
                    <[string8][Qualifiers][event]>
                    <[float64][Value][1.0]>
                >
                <[float64][Dimensions][0.03 0.013 0.014]>
            >
            <[control_box][FireTestButton2][12]
                <[string8][Type][button]>
                <[vector3_float64][R0][ 6.091253 -0.2439 0.437065 ]>
                <[matrix3_float64][B0][ 0.0 -1.0 0.0  0.2588 0.0 0.9659  -0.9659 0.0 0.2588 ]>
                <[vector3_float64][Direction][ 0.9655 0.0 -0.26039 ]>
                <[control_message][OnPush][]
                    <[string8][Message][FireTest2]>
                    <[string8][Qualifiers][event]>
                  <[float64][Value][1.0]>
               >
                <[vector3_float64][Dimensions][0.03 0.013 0.014]>
            >
            <[control_box][ClockStartButton][8]
                <[string8][Type][button]>
                <[vector3_float64][R0][ 5.978315 -0.332765 0.390612 ]>
                <[matrix3_float64][B0][ -0.6969 -0.7118 0.0881  0.6711 -0.6905 -0.2699  0.2529 -0.129 0.9588 ]>
                <[vector3_float64][Direction][ 0.0 0.0 1.0 ]>
                <[control_message][OnPush][]
                    <[string8][Message][Stopwatch.StartStop]>
                    <[string8][Qualifiers][event]>
                    <[float64][Value][1.0]>
                >
                <[vector3_float64][Dimensions][0.005 0.005 0.006]>
            >
            <[control_cylinder][ClockReset][9]
                <[string8][Type][button]>
                <[vector3_float64][R0][ 5.955546 -0.316245 0.343912 ]>
                <[matrix3_float64][B0][ -0.6685 0.69303 0.26984  0.25298 -0.12929 0.95879  0.69936 0.70922 -0.08889 ]>
                <[vector3_float64][Direction][ 0.6685 -0.69303 -0.26984 ]>
                <[control_message][OnPush][]
                    <[string8][Message][Stopwatch.Reset]>
                    <[string8][Qualifiers][event]>
                    <[float64][Value][1.0]>
                >
                <[float64][Radius][0.004]>
                <[float64][Length][0.008]>
            >
			<[control_cylinder][HudBrightness][4]
                <[string8][Type][knob]>
                <[vector3_float64][R0][ 6.1103 0.1254 0.4914 ]>
                <[matrix3_float64][B0][ 0.9655 0.0 -0.26039  0.0 1.0 0.0  0.26039 0.0 0.9655 ]>
                <[vector3_float64][Direction][ 0.9655 0.0 -0.26039 ]>
                <[float64][StepAngle][0.1]>
                <[control_message][OnRotate][]
                    <[string8][Message][Controls.Lighting.BrightnessHUD]>
                    <[string8][Qualifiers][step]>
                    <[float64][Value][1.0]>
                >
                <[float64][Radius][0.007]>
                <[float64][Length][0.022]>
            >

//PHI Knobs
            //KnobHomingBearing
            <[control_cylinder][SelectedCourse][11]
                <[string8][Type][knob]>
                <[vector3_float64][R0][ 6.046267 -0.0485 0.325648 ]>
                <[matrix3_float64][B0][ 0.9655 0.0 -0.26039  0.0 1.0 0.0  0.26039 0.0 0.9655 ]>
                <[vector3_float64][Direction][ 0.9655 0.0 -0.26039 ]>
                <[float64][StepAngle][0.1]>
                <[control_message][OnRotate][]
                    <[string8][Message][Autopilot.SelectedHeading]>
                    <[string8][Qualifiers][step]>
                    <[float64][Value][-1.0]>
                >
                <[float64][Radius][0.01]>
                <[float64][Length][0.022]>
            >
            //KnobGriv
            <[control_cylinder][PHIGriv][11]
                <[string8][Type][knob]>
                <[vector3_float64][R0][ 6.071839 -0.0505 0.421156 ]>
                <[matrix3_float64][B0][ 0.9655 0.0 -0.26039  0.0 1.0 0.0  0.26039 0.0 0.9655 ]>
                <[vector3_float64][Direction][ 0.9655 0.0 -0.26039 ]>
                <[float64][StepAngle][0.1]>
                <[control_message][OnRotate][]
                    <[string8][Message][Navigation.SelectedCourse]>
                    <[string8][Qualifiers][step]>
                    <[float64][Value][-1.0]>
                >
                <[float64][Radius][0.01]>
                <[float64][Length][0.022]>
            >
            //KnobPHIInputSelector
            <[control_cylinder][DMEOn][12]
                <[string8][Type][knob]>
                <[vector3_float64][R0][ 6.073898 0.0503 0.425128 ]>
                <[matrix3_float64][B0][ 0.9655 0.0 -0.26039  0.0 1.0 0.0  0.26039 0.0 0.9655 ]>
                <[vector3_float64][Direction][ 0.9655 0.0 -0.26039 ]>
                <[float64][StepAngle][0.1]>
                <[control_message][OnRotate][]
                    <[string8][Message][DME.OnOff]>
                    <[string8][Qualifiers][step]>
                    <[float64][Value][1.0]>
                >
                <[float64][Radius][0.008]>
                <[float64][Length][0.02]>
            >
            //KnobHomingDistance
//            <[control_cylinder][PHIDistance][8]
//                <[string8][Type][knob]>
//                <[vector3_float64][R0][6.0572 0.0474 0.3224]>
//                <[matrix3_float64][B0][-0.0000 -1.0000 0.0000 0.2588 0.0000 0.9659 -0.9659 0.0000 0.2588]>
//                <[vector3_float64][Direction][ -0.9659 -0.0000 0.2588 ]>
//                <[float64][StepAngle][0.1]>
//                <[control_message][OnRotate][]
//                    <[string8][Message][Navigation.NAV1Frequency]>
//                    <[string8][Qualifiers][step]>
//                    <[float64][Value][-1.0]>
//                >
//                <[float64][Radius][0.008]>
//                <[float64][Length][0.02]>
//            >

// Moving Map 120
            <[control_cylinder][DisplayKnob0][120]
                <[string8][Type][knob]>
                <[vector3_float64][R0][ 6.039 -0.0671 0.0785 ]>
                <[matrix3_float64][B0][ 0.94266 0.00002 -0.33377  -0.33167 0.11204 -0.93672  0.03738 0.9937 0.10562 ]>
                <[vector3_float64][Direction][ 0.977437 0.0 -0.211229 ]>
                <[float64][StepAngle][0.3]>
                <[control_message][OnRotate][]
                    <[string8][Message][Map.Zoom]>
                    <[string8][Qualifiers][step]>
                    <[float64][Value][-1.0]>
                >
                <[float64][Radius][0.006]>
                <[float64][Length][0.01]>
            >
            <[control_cylinder][DisplayKnob1][121]
                <[string8][Type][knob]>
                <[vector3_float64][R0][ 6.0301 -0.0671 0.0806 ]>
                <[matrix3_float64][B0][ 0.94266 0.00002 -0.33377  -0.33167 0.11204 -0.93672  0.03738 0.9937 0.10562 ]>
                <[vector3_float64][Direction][ 0.977437 0.0 -0.211229 ]>
                <[float64][StepAngle][0.3]>
                <[control_message][OnRotate][]
                    <[string8][Message][DisplayKnob1]>
                    <[string8][Qualifiers][step]>
                    <[float64][Value][-1.0]>
                >
                <[float64][Radius][0.006]>
                <[float64][Length][0.01]>
            >
            <[control_cylinder][MapBrightness][122]
                <[string8][Type][knob]>
                <[vector3_float64][R0][ 6.0718 0.0678 0.2174 ]>
                <[matrix3_float64][B0][ -0.97728 0.00074 0.21195  -0.21191 0.01516 -0.97717  -0.00394 -0.99988 -0.01466 ]>
                <[vector3_float64][Direction][ 0.977437 0.0 -0.211229 ]>
                <[float64][StepAngle][0.3]>
                <[control_message][OnRotate][]
                    <[string8][Message][Controls.Lighting.MapBrightness]>
                    <[string8][Qualifiers][step]>
                    <[float64][Value][-1.0]>
                >
                <[float64][Radius][0.006]>
                <[float64][Length][0.01]>
            >
            <[control_box][GPSOnOff][123]
                <[string8][Type][switch toggle]>
                <[vector3_float64][R0][ 6.040042 -0.066013 0.098757 ]>
                <[matrix3_float64][B0][ 0.9988 0.00266 0.04897  -0.04897 -0.00098 0.9988  0.0027 -1.0 -0.00085 ]>
                <[vector3_float64][Direction][ 0.0 0.0 1.0 ]>
                <[float64][StepDistance][0.01]>
                <[control_message][OnStep][]
                    <[string8][Message][Controls.GPSOnOff]>
                    <[string8][Qualifiers][step]>
                    <[float64][Value][1.0]>
                >
                <[vector3_float64][Dimensions][0.016 0.005 0.006]>
            >
            <[control_cylinder][GPSOnOffBase][123]
                <[string8][Type][switch toggle base]>
                <[vector3_float64][R0][ 6.045 -0.066 0.099 ]>
                <[matrix3_float64][B0][ 0.94261 0.00014 -0.33391  0.30897 -0.37955 0.87205  -0.12661 -0.92517 -0.35781 ]>
                <[vector3_float64][Direction][ 0.0 0.0 1.0 ]>
                <[control_message][OnStep][]
                    <[string8][Message][Controls.GPSOnOff]>
                    <[string8][Qualifiers][step]>
                    <[float64][Value][1.0]>
                >
                <[float64][Radius][0.007]>
                <[float64][Length][0.002]>
            >
            <[control_box][Home][124]
                <[string8][Type][button]>
                <[vector3_float64][R0][ 6.075 -0.069 0.2191 ]>
                <[matrix3_float64][B0][ 0.97412 0.0 -0.22601  0.0 1.0 0.0  0.22601 0.0 0.97412 ]>
                <[vector3_float64][Direction][ 0.977437 0.0 -0.211229 ]>
                <[control_message][OnPush][]
                    <[string8][Message][Home]>
                    <[string8][Qualifiers][event]>
                    <[float64][Value][1.0]>
                >
                <[vector3_float64][Dimensions][0.002 0.007 0.004]>
            >
//Weapons Panel 155
            <[control_box][BombSelect][155]
                <[string8][Type][switch toggle]>
                <[vector3_float64][R0][ 6.063612 0.2584 0.148264 ]>
                <[matrix3_float64][B0][ 0.94264 0.00001 -0.3338  0.3308 0.13384 0.93416  0.04468 -0.991 0.12616 ]>
                <[vector3_float64][Direction][ 0.0 0.0 1.0 ]>
                <[float64][StepDistance][0.01]>
                <[control_message][OnStep][]
                    <[string8][Message][BombSelect]>
                    <[string8][Qualifiers][step]>
                    <[float64][Value][-1.0]>
                >
                <[vector3_float64][Dimensions][0.016 0.005 0.006]>
            >
            <[control_cylinder][BombSelectBase][155]
                <[string8][Type][switch toggle base]>
                <[vector3_float64][R0][ 6.0717 0.2584 0.1454 ]>
                <[matrix3_float64][B0][ 0.94259 0.00009 -0.33396  0.33094 0.13383 0.93411  0.04478 -0.991 0.12612 ]>
                <[vector3_float64][Direction][ 0.0 0.0 1.0 ]>
                <[control_message][OnStep][]
                    <[string8][Message][BombSelect]>
                    <[string8][Qualifiers][step]>
                    <[float64][Value][-1.0]>
                >
                <[float64][Radius][0.007]>
                <[float64][Length][0.002]>
            >
            <[control_box][BombRelease][156]
                <[string8][Type][switch toggle]>
                <[vector3_float64][R0][ 6.063612 0.2334 0.148264 ]>
                <[matrix3_float64][B0][ 0.94264 0.00001 -0.3338  0.3308 0.13384 0.93416  0.04468 -0.991 0.12616 ]>
                <[vector3_float64][Direction][ 0.0 0.0 1.0 ]>
                <[float64][StepDistance][0.01]>
                <[control_message][OnStep][]
                    <[string8][Message][BombRelease]>
                    <[string8][Qualifiers][step]>
                    <[float64][Value][-1.0]>
                >
                <[vector3_float64][Dimensions][0.016 0.005 0.006]>
            >
            <[control_cylinder][BombReleaseBase][156]
                <[string8][Type][switch toggle base]>
                <[vector3_float64][R0][ 6.0717 0.2334 0.1454 ]>
                <[matrix3_float64][B0][ 0.94259 0.00009 -0.33396  0.33094 0.13383 0.93411  0.04478 -0.991 0.12612 ]>
                <[vector3_float64][Direction][ 0.0 0.0 1.0 ]>
                <[control_message][OnStep][]
                    <[string8][Message][BombRelease]>
                    <[string8][Qualifiers][step]>
                    <[float64][Value][-1.0]>
                >
                <[float64][Radius][0.007]>
                <[float64][Length][0.002]>
            >
            <[control_box][Cam][157]
                <[string8][Type][switch toggle]>
                <[vector3_float64][R0][ 6.067312 0.1666 0.151164 ]>
                <[matrix3_float64][B0][ 0.94264 0.00001 -0.3338  0.3308 0.13384 0.93416  0.04468 -0.991 0.12616 ]>
                <[vector3_float64][Direction][ 0.0 0.0 1.0 ]>
                <[float64][StepDistance][0.01]>
                <[control_message][OnStep][]
                    <[string8][Message][Cam]>
                    <[string8][Qualifiers][step]>
                    <[float64][Value][1.0]>
                >
                <[vector3_float64][Dimensions][0.016 0.005 0.006]>
            >
            <[control_cylinder][CamBase][157]
                <[string8][Type][switch toggle base]>
                <[vector3_float64][R0][ 6.0754 0.1666 0.1483 ]>
                <[matrix3_float64][B0][ 0.94259 0.00009 -0.33396  0.33094 0.13383 0.93411  0.04478 -0.991 0.12612 ]>
                <[vector3_float64][Direction][ 0.0 0.0 1.0 ]>
                <[control_message][OnStep][]
                    <[string8][Message][Cam]>
                    <[string8][Qualifiers][step]>
                    <[float64][Value][1.0]>
                >
                <[float64][Radius][0.007]>
                <[float64][Length][0.002]>
            >
            <[control_box][IRReticle][158]
                <[string8][Type][switch toggle]>
                <[vector3_float64][R0][ 6.061112 0.1398 0.136664 ]>
                <[matrix3_float64][B0][ 0.94264 0.00001 -0.3338  0.3308 0.13384 0.93416  0.04468 -0.991 0.12616 ]>
                <[vector3_float64][Direction][ 0.0 0.0 1.0 ]>
                <[float64][StepDistance][0.01]>
                <[control_message][OnStep][]
                    <[string8][Message][IRReticle]>
                    <[string8][Qualifiers][step]>
                    <[float64][Value][1.0]>
                >
                <[vector3_float64][Dimensions][0.016 0.005 0.006]>
            >
            <[control_cylinder][IRReticleBase][158]
                <[string8][Type][switch toggle base]>
                <[vector3_float64][R0][ 6.0692 0.1398 0.1338 ]>
                <[matrix3_float64][B0][ 0.94259 0.00009 -0.33396  0.33094 0.13383 0.93411  0.04478 -0.991 0.12612 ]>
                <[vector3_float64][Direction][ 0.0 0.0 1.0 ]>
                <[control_message][OnStep][]
                    <[string8][Message][IRReticle]>
                    <[string8][Qualifiers][step]>
                    <[float64][Value][1.0]>
                >
                <[float64][Radius][0.007]>
                <[float64][Length][0.002]>
            >
            <[control_box][Gun][159]
                <[string8][Type][switch toggle]>
                <[vector3_float64][R0][ 6.080587 0.216 0.2095 ]>
                <[matrix3_float64][B0][ 0.94264 0.00001 -0.3338  0.3308 0.13384 0.93416  0.04468 -0.991 0.12616 ]>
                <[vector3_float64][Direction][ 0.0 0.0 1.0 ]>
                <[float64][StepDistance][0.01]>
                <[control_message][OnStep][]
                    <[string8][Message][Gun]>
                    <[string8][Qualifiers][step]>
                    <[float64][Value][-1.0]>
                >
                <[vector3_float64][Dimensions][0.016 0.005 0.006]>
            >
            <[control_cylinder][GunBase][159]
                <[string8][Type][switch toggle base]>
                <[vector3_float64][R0][ 6.0868 0.216 0.2073 ]>
                <[matrix3_float64][B0][ 0.94259 0.00009 -0.33396  0.33094 0.13383 0.93411  0.04478 -0.991 0.12612 ]>
                <[vector3_float64][Direction][ 0.0 0.0 1.0 ]>
                <[control_message][OnStep][]
                    <[string8][Message][Gun]>
                    <[string8][Qualifiers][step]>
                    <[float64][Value][-1.0]>
                >
                <[float64][Radius][0.007]>
                <[float64][Length][0.002]>
            >
            <[control_box][Sight][160]
                <[string8][Type][switch toggle]>
                <[vector3_float64][R0][ 6.084987 0.1607 0.2369 ]>
                <[matrix3_float64][B0][ 0.94264 0.00001 -0.3338  0.3308 0.13384 0.93416  0.04468 -0.991 0.12616 ]>
                <[vector3_float64][Direction][ 0.0 0.0 1.0 ]>
                <[float64][StepDistance][0.01]>
                <[control_message][OnStep][]
                    <[string8][Message][Sight]>
                    <[string8][Qualifiers][step]>
                    <[float64][Value][1.0]>
                >
                <[vector3_float64][Dimensions][0.016 0.005 0.006]>
            >
            <[control_cylinder][SightBase][160]
                <[string8][Type][switch toggle base]>
                <[vector3_float64][R0][ 6.0912 0.1607 0.2347 ]>
                <[matrix3_float64][B0][ 0.94259 0.00009 -0.33396  0.33094 0.13383 0.93411  0.04478 -0.991 0.12612 ]>
                <[vector3_float64][Direction][ 0.0 0.0 1.0 ]>
                <[control_message][OnStep][]
                    <[string8][Message][Sight]>
                    <[string8][Qualifiers][step]>
                    <[float64][Value][1.0]>
                >
                <[float64][Radius][0.007]>
                <[float64][Length][0.002]>
            >
            <[control_box][Rounds][161]
                <[string8][Type][switch toggle]>
                <[vector3_float64][R0][ 6.089007 0.237496 0.256873 ]>
                <[matrix3_float64][B0][ 0.89952 -0.25676 -0.35347  0.33109 -0.12725 0.93498  -0.28504 -0.95806 -0.02946 ]>
                <[vector3_float64][Direction][ 0.0 0.0 1.0 ]>
                <[float64][StepDistance][0.01]>
                <[control_message][OnStep][]
                    <[string8][Message][Rounds]>
                    <[string8][Qualifiers][step]>
                    <[float64][Value][1.0]>
                >
                <[vector3_float64][Dimensions][0.016 0.005 0.006]>
            >
            <[control_cylinder][RoundsBase][161]
                <[string8][Type][switch toggle base]>
                <[vector3_float64][R0][ 6.0912 0.1607 0.2347 ]>
                <[matrix3_float64][B0][ 0.89959 -0.25664 -0.35339  0.33104 -0.12712 0.93501  -0.28488 -0.95811 -0.0294 ]>
                <[vector3_float64][Direction][ 0.0 0.0 1.0 ]>
                <[control_message][OnStep][]
                    <[string8][Message][Rounds]>
                    <[string8][Qualifiers][step]>
                    <[float64][Value][1.0]>
                >
                <[float64][Radius][0.007]>
                <[float64][Length][0.002]>
            >
//Antenna Clearance 162
            <[control_cylinder][AntennaAdjustKnob][162]
                <[string8][Type][knob]>
                <[vector3_float64][R0][ 6.0795 -0.2082 0.1832 ]>
                <[matrix3_float64][B0][ -0.97744 -0.00001 0.2112  0.2112 0.00011 0.97744  -0.00004 1.0 -0.00011 ]>
                <[vector3_float64][Direction][ 0.977437 0.0 -0.211229 ]>
                <[float64][StepAngle][0.1]>
                <[control_message][OnRotate][]
                    <[string8][Message][AntennaAdjust]>
                    <[string8][Qualifiers][step]>
                    <[float64][Value][0.05]>
                >
                <[float64][Radius][0.006]>
                <[float64][Length][0.019]>
            >
            <[control_cylinder][AntennaClearance][163]
                <[string8][Type][knob]>
                <[vector3_float64][R0][ 6.07239 -0.14 0.187909 ]>
                <[matrix3_float64][B0][ -0.97744 -0.00002 0.21123  0.21123 0.00021 0.97744  -0.00007 1.0 -0.0002 ]>
                <[vector3_float64][Direction][ 0.977437 0.0 -0.211229 ]>
                <[float64][StepAngle][0.1]>
                <[control_message][OnRotate][]
                    <[string8][Message][AntennaClearance]>
                    <[string8][Qualifiers][step]>
                    <[float64][Value][1]>
                >
                <[float64][Radius][0.01]>
                <[float64][Length][0.012]>
            >
//Antenna Left
//Special Weapons 150
            <[control_box][SpecialHiToss][150]
                <[string8][Type][switch toggle]>
                <[vector3_float64][R0][ 6.02648 -0.0463 -0.050244 ]>
                <[matrix3_float64][B0][ 1.0 0.0 0.0  0.0 -0.22609 -0.97411  0.0 0.97411 -0.22609 ]>
                <[vector3_float64][Direction][ 0.0 0.0 1.0 ]>
                <[float64][StepDistance][0.01]>
                <[control_message][OnStep][]
                    <[string8][Message][SpecialHiToss]>
                    <[string8][Qualifiers][step]>
                    <[float64][Value][1.0]>
                >
                <[vector3_float64][Dimensions][0.016 0.005 0.006]>
            >
            <[control_cylinder][SpecialHiTossBase][150]
                <[string8][Type][switch toggle base]>
                <[vector3_float64][R0][ 6.0338 -0.046341 -0.050425 ]>
                <[matrix3_float64][B0][ 1.0 0.0 0.0  0.0 -0.22613 -0.9741  0.0 0.9741 -0.22613 ]>
                <[vector3_float64][Direction][ 0.0 0.0 1.0 ]>
                <[control_message][OnStep][]
                    <[string8][Message][SpecialHiToss]>
                    <[string8][Qualifiers][step]>
                    <[float64][Value][1.0]>
                >
                <[float64][Radius][0.007]>
                <[float64][Length][0.002]>
            >
             <[control_cylinder][SpecialSelector][151]
                <[string8][Type][knob]>
                <[vector3_float64][R0][ 6.0335 0.0016 -0.0143 ]>
                <[matrix3_float64][B0][ -0.97411 -0.00001 0.2261  -0.2261 -0.00005 -0.97411  0.00002 -1.0 0.00005 ]>
                <[vector3_float64][Direction][ 0.977437 0.0 -0.211229 ]>
                <[float64][StepAngle][0.1]>
                <[control_message][OnRotate][]
                    <[string8][Message][SpecialSelector]>
                    <[string8][Qualifiers][step]>
                    <[float64][Value][0.7]>
                >
                <[float64][Radius][0.01]>
                <[float64][Length][0.012]>
            >
            <[control_cylinder][SpecialJettison][152]
                <[string8][Type][button]>
                <[vector3_float64][R0][ 6.028463 0.044926 -0.054952 ]>
                <[matrix3_float64][B0][ -0.98507 -0.00077 0.17218  -0.16799 0.22356 -0.9601  -0.03776 -0.97469 -0.22035 ]>
                <[vector3_float64][Direction][ 0.977437 0.0 -0.211229 ]>
                <[control_message][OnPush][]
                    <[string8][Message][SpecialJettison]>
                    <[string8][Qualifiers][event]>
                    <[float64][Value][1.0]>
                >
                <[float64][Radius][0.004]>
                <[float64][Length][0.002]>
            >
//Landing Gear and flaps
            <[control_input][FlapLever][]
                <[uint32][InputID][ServoFlapLever.Output]>
                <[float64][Scaling][1.2]>
            >
            <[control_rotation][FlapLeverRotation][]
                <[string8][Input][FlapLever.Output]>
                <[tmvector3d][Axis][ 0.0 -1.0 0.0 ]>
                <[tmvector3d][Pivot][ 5.8415 0.4402 0.0319 ]>
            >
            <[control_box][FlapLeverPilot][104]
                <[string8][Type][lever]>
                <[vector3_float64][R0][ 5.815368 0.4402 0.093152 ]>
                <[matrix3_float64][B0][ 0.47514 0.0 -0.87991  0.0 1.0 0.0  0.87991 0.0 0.47514 ]>
                <[vector3_float64][Direction][ 1.0 0.0 0.0 ]>
                <[float64][StepDistance][0.03]>
                <[string8][InputTransform][FlapLeverRotation.Output]>
                <[control_message][OnStep][]
                    <[string8][Message][Controls.Flaps]>
                    <[string8][Qualifiers][step]>
                    <[float64][Value][-1.0]>
                >
                <[vector3_float64][Dimensions][0.03 0.02 0.014]>
            >
            <[control_cylinder_clipped][FlapLeverPilotBase][104]
                <[string8][Type][lever base]>
                <[vector3_float64][R0][ 5.8415 0.4402 0.0319 ]>
                <[matrix3_float64][B0][ 0.0 1.0 0.0  1.0 0.0 0.0  0.0 0.0 1.0 ]>
                <[vector3_float64][Direction][ 1.0 0.0 0.0 ]>
                <[control_message][OnStep][]
                    <[string8][Message][Controls.Flaps]>
                    <[string8][Qualifiers][step]>
                    <[float64][Value][-1.0]>
                >
                <[float64][Radius][0.055]>
                <[float64][InnerRadius][0.05]>
                <[float64][Length][0.02]>
                <[float64][Start][1.4]>
                <[float64][End][3.4]>
            >



//Electrical 50
            <[control_box][BatteryMasterSwitch][60]
                <[string8][Type][switch toggle]>
                <[vector3_float64][R0][ 6.062195 0.286724 0.139149 ]>
                <[matrix3_float64][B0][ -0.98585 -0.10371 0.1317  -0.06113 0.95397 0.29362  -0.15609 0.28141 -0.94681 ]>
                <[vector3_float64][Direction][ 0.0 0.0 1.0 ]>
                <[float64][StepDistance][0.01]>
                <[control_message][OnStep][]
                    <[string8][Message][Electrical.Battery]>
                    <[string8][Qualifiers][step]>
                    <[float64][Value][1.0]>
                >
                <[vector3_float64][Dimensions][0.016 0.005 0.006]>
            >
            <[control_cylinder][BatteryMasterSwitchBase][60]
                <[string8][Type][switch toggle base]>
                <[vector3_float64][R0][ 6.0682 0.2866 0.1386 ]>
                <[matrix3_float64][B0][ -0.19584 -0.93544 -0.29427  -0.97766 0.16291 0.13278  -0.07627 0.3137 -0.94646 ]>
                <[vector3_float64][Direction][ 0.0 0.0 1.0 ]>
                <[control_message][OnStep][]
                    <[string8][Message][Electrical.Battery]>
                    <[string8][Qualifiers][step]>
                    <[float64][Value][1.0]>
                >
                <[float64][Radius][0.007]>
                <[float64][Length][0.002]>
            >
            <[control_cylinder][OneGeneratorSwitch][32]
                <[string8][Type][switch toggle]>
                <[vector3_float64][R0][ 5.992119 -0.33378 0.038328 ]>
                <[matrix3_float64][B0][ -0.93788 0.01116 0.34679  0.34487 -0.07998 0.93524  0.03817 0.99673 0.07116 ]>
                <[vector3_float64][Direction][ 0.0 0.0 1.0 ]>
                <[float64][StepDistance][0.01]>
                <[control_message][OnStep][]
                    <[string8][Message][Electric.LeftGenerator]>
                    <[string8][Qualifiers][step]>
                    <[float64][Value][-1.0]>
                >
                <[float64][Radius][0.005]>
                <[float64][Length][0.02]>
            >
            <[control_cylinder][OneGeneratorSwitchBase][61]
                <[string8][Type][switch toggle base]>
                <[vector3_float64][R0][ 6.0022 -0.3339 0.0346 ]>
                <[matrix3_float64][B0][ -0.93788 0.01116 0.34679  0.34487 -0.07998 0.93524  0.03817 0.99673 0.07116 ]>
                <[vector3_float64][Direction][ 0.0 0.0 1.0 ]>
                <[control_message][OnStep][]
                    <[string8][Message][Electric.LeftGenerator]>
                    <[string8][Qualifiers][step]>
                    <[float64][Value][-1.0]>
                >
                <[float64][Radius][0.01]>
                <[float64][Length][0.002]>
            >
            <[control_cylinder][TwoGeneratorSwitch][32]
                <[string8][Type][switch toggle]>
                <[vector3_float64][R0][ 5.993295 -0.356195 0.037756 ]>
                <[matrix3_float64][B0][ -0.93788 0.01116 0.34679  0.34487 -0.07998 0.93524  0.03817 0.99673 0.07116 ]>
                <[vector3_float64][Direction][ 0.0 0.0 1.0 ]>
                <[float64][StepDistance][0.01]>
                <[control_message][OnStep][]
                    <[string8][Message][Electric.RightGenerator]>
                    <[string8][Qualifiers][step]>
                    <[float64][Value][-1.0]>
                >
                <[float64][Radius][0.005]>
                <[float64][Length][0.02]>
            >
            <[control_cylinder][TwoGeneratorSwitchBase][62]
                <[string8][Type][switch toggle base]>
                <[vector3_float64][R0][ 6.0021 -0.3563 0.0345 ]>
                <[matrix3_float64][B0][ -0.93788 0.01116 0.34679  0.34487 -0.07998 0.93524  0.03817 0.99673 0.07116 ]>
                <[vector3_float64][Direction][ 0.0 0.0 1.0 ]>
                <[control_message][OnStep][]
                    <[string8][Message][Electric.RightGenerator]>
                    <[string8][Qualifiers][step]>
                    <[float64][Value][-1.0]>
                >
                <[float64][Radius][0.01]>
                <[float64][Length][0.002]>
            >
// Right Console
//Anti Ice
            <[control_box][PitotHeatSwitch][6]
                <[string8][Type][switch toggle]>
                <[vector3_float64][R0][ 5.507883 -0.466879 0.032974 ]>
                <[matrix3_float64][B0][ 0.18809 -0.28779 -0.93904  0.98188 0.07783 0.17281  0.02335 -0.95452 0.29722 ]>
                <[vector3_float64][Direction][ 0.0 0.0 1.0 ]>
                <[float64][StepDistance][0.01]>
                <[control_message][OnStep][]
                    <[string8][Message][Controls.PitotHeat]>
                    <[string8][Qualifiers][step]>
                    <[float64][Value][1.0]>
                >
                <[vector3_float64][Dimensions][0.016 0.005 0.006]>
            >
            <[control_cylinder][PitotHeatSwitchBase][6]
                <[string8][Type][switch toggle base]>
                <[vector3_float64][R0][ 5.5094 -0.4692 0.0254 ]>
                <[matrix3_float64][B0][ 0.18801 -0.28787 -0.93903  0.98189 0.07764 0.17279  0.02317 -0.95452 0.29725 ]>
                <[vector3_float64][Direction][ 0.0 0.0 1.0 ]>
                <[control_message][OnStep][]
                    <[string8][Message][Controls.PitotHeat]>
                    <[string8][Qualifiers][step]>
                    <[float64][Value][1.0]>
                >
                <[float64][Radius][0.007]>
                <[float64][Length][0.002]>
            >

//Oxygen Panel    190
            <[control_cylinder_clipped][OPure][190]
                <[string8][Type][wheel]>
                <[vector3_float64][R0][ 5.913053 -0.383681 -0.056821 ]>
                <[matrix3_float64][B0][ 0.02335 -0.95454 0.29717  -0.17115 0.28904 0.94189  -0.98497 -0.07285 -0.15663 ]>
                <[vector3_float64][Direction][ 1.0 0.0 0.0 ]>
                <[float64][StepAngle][0.1]>
                <[control_message][OnStep][]
                    <[string8][Message][OPure]>
                    <[string8][Qualifiers][step]>
                    <[float64][Value][1.0]>
                >
                <[float64][Radius][0.032]>
                <[float64][InnerRadius][0.026]>
                <[float64][Length][0.004]>
                <[float64][Start][-0.6]>
                <[float64][End][0.2]>
            >
            <[control_cylinder_clipped][OVolume][191]
                <[string8][Type][wheel]>
                <[vector3_float64][R0][ 5.912453 -0.347181 -0.071021 ]>
                <[matrix3_float64][B0][ 0.02335 -0.95454 0.29717  -0.17115 0.28904 0.94189  -0.98497 -0.07285 -0.15663 ]>
                <[vector3_float64][Direction][ 1.0 0.0 0.0 ]>
                <[float64][StepAngle][0.1]>
                <[control_message][OnStep][]
                    <[string8][Message][OVolume]>
                    <[string8][Qualifiers][step]>
                    <[float64][Value][1.0]>
                >
                <[float64][Radius][0.032]>
                <[float64][InnerRadius][0.026]>
                <[float64][Length][0.004]>
                <[float64][Start][-0.6]>
                <[float64][End][0.2]>
            >
            <[control_cylinder_clipped][OOnOff][192]
                <[string8][Type][wheel]>
                <[vector3_float64][R0][ 5.912053 -0.432181 -0.040821 ]>
                <[matrix3_float64][B0][ 0.02335 -0.95454 0.29717  -0.17115 0.28904 0.94189  -0.98497 -0.07285 -0.15663 ]>
                <[vector3_float64][Direction][ 1.0 0.0 0.0 ]>
                <[float64][StepAngle][0.1]>
                <[control_message][OnStep][]
                    <[string8][Message][OOnOff]>
                    <[string8][Qualifiers][step]>
                    <[float64][Value][1.0]>
                >
                <[float64][Radius][0.032]>
                <[float64][InnerRadius][0.026]>
                <[float64][Length][0.004]>
                <[float64][Start][-0.6]>
                <[float64][End][0.2]>
            >

//Tacan
